70
0111011111111111110111010111111111010110011011111111111111100111110110
1001101111111111111111111101111011101111111111111111111011101110010001
1001110010111100111111111111011011010011111110100011111111101111110101
1110111111111101110110111011111111111111111101111111110101110111111101
0111011011110001111111111011111011111101111111100111110111101111111111
1011101111111111001111010101101111011111111101111111111101111111111111
1101110011111011111111111101111111111111111011111101111101101111111111
1101010011111111111111111111111101011101111110111101111011111110011011
1111111100111111111111111111111111111111110111111111110111111111111111
1101111100111111011110111111111011111101111111111011110111100110111111
1111111111010001111101111101110111111111111111111101110111111111100111
1111111111101101011111111111101011011111111111111111111111101111111011
1111011111010111111111111111111111111111111111111111110111111111111111
1111010111011011011111111111100111111111011101111101111111111111111111
1100011111001101111111111111111111101100111111100101101010111111111101
1101111111111110011111111110011101011111111111111111110111111110111101
1111101110101010011101111111101110111011111111101010101111111111110101
1111101111111111101101111110100111111010111111101111110011111111011101
0110111111111111110111111111111111101011111011101111111111111111110111
1111111111111111111011111111111111111111111111111111111111111111111111
1111111111011111001101111011110110111111110111111111111111110111011111
1110111110111111111110011010111111111111111111111101111111110011110111
0111101111111111111110011111111111001111111111111111111111111111111111
1111111111111111111111101111110111111111111111101111101101011111111111
0111101111111111111111110111110111111100111111111111101111111111111111
1110011111111111111100111011111111111111110111111111101010111111111111
1011100111011111111111111101111111101101111110111101111111111101111111
1111111111111110101110111110111111111111111101111111011111110111001111
1101111111111110111111111111011011111011111111100111110111011111111101
1111101111101011001111111111101111111111011111111111111111111110101111
1111111111011011101101100111110111101111111101111101101011111110111111
1001011110101111111111111111011011001111111011111111111111101111011111
1111111011111110111111111111111101011111111111111110101101111111111111
1111111111111111011101111111111110111111111111111111111111101111111011
0101101011101110111111011111111001011011110111110010111111111111011111
1011111111111101110111011101110011101010011111110111100111111111110111
0101111111111111111111111111111111110110111111111001111110110111110111
1101111111111111000111111111011111001011111110111111011111011101011111
1111011010111101111111110101111111111100110111111110101111001111111111
0111111111111101101111110111111111100100111001111111110111011111111111
0111111111111011111111111111101111101111010111101011111111111111110101
1111111111111111111111111111111111111111101111111111111111111111111111
1111111101111111111101111011111111011101010111111111111111111111111101
0111110111111111110111111111111011111110111001101111111110111110111111
1110101111111011111111111110110111111110111001111111111111101101101111
1101111011111111111111111101111111111011111110111101011111110111110111
1111111111111111111111111111111111111111111111010111110111101111111111
1101011111111101000111101111011111111111011011101111111110111111111111
1101011111111101111111111111011111001111111111010111110101111111101110
1101111110111111011111111111111111010111011111111011111111101111111111
1111110011011001111110111101110111110111111110111100111011101110011101
1111111111111111011111111111111101011101111111111100111110111111111111
1111111111111111111111111110111111111011111110111111011111100111011111
1111111111111101011111100011110101101101111111111111101111101111111011
1110011100010110101111111111011111101110111111010111110110101111111011
1011111011111101101111111011110111111111111111111101111011101111111111
1110100111111111111111101111111101111111111111110111111101111111111111
1111111111111101111111111011111111110111111011101110110110011111111101
1111111111111111111111101111011111111000111111111111111110010111111111
0001010110101111111111111111111010111101111101011001000011101101111101
0110111110111111111100111110111111110111111110111111011111010111110111
1111111111111111111110111111111111111111111111111111111111111011111111
1111111111111111111111111101111111111011111101111111111111101101111111
1011111010111110111111111111100111111111111011111101111111111110111101
1011111011111111101101111110111011011011111111111101011111111111011111
1111111111011111111111111110101111111111111101110111111111111111101111
0001111111011111010110111111111111100111011110111111111111110111110111
1011111011101111111111111111111110111111111111111111100111111111111011
1000111111111100001111111111011111111111010111111101111110101110111101
0111111111111111111111111111111111111111111111110111111111111111111110
