70
0111000100100001110000011101110000110111000101101011011110000001011111
1000101101101000111011011000001001011000011001110101001111000011100101
1001110110111111110001100001001000110001010011010110110100111101110011
1010000010101111100101110100010000000000011110101111010101111010010010
0110010111001100000110001100011001000011110100100010001011000000010011
0010100010011101011001000110111000000011110011000010101100111010001110
0100000000011010101001110001001111011011100110011100100011110000010001
1110100011110111110011011001101011101110101110010101101111110110111011
0011110101100100110001001011101011000000100110101000100010100011000111
0100100110001011010111011100001110101000001110000001100101101111010111
1111000110001101100001001100101001010000000001011011111110101000101010
0010011100001000000000111000111110011001101000110000110010110101011000
0111111001110111100101000100010100101110011011111001110111100100001111
0011110110101000001111001000000001001101110011000110001001010000111011
0011001101001000111110110110011111111110001100000011000111000010011111
1011010101101000000110100110110110001000100000111111010110101000010110
1111001110101010010111111001011100111101111100000110000001101100110001
1110010111000010100011000101100100110010110010110100011101011001110100
0100011000000110000110010010000010000001110010011100000001001010110101
0001100001001111101011100100110101101110011010110110011100111010100110
0100100101000111111101110001010101101111000010001101111000010011101101
0111011111101100110110011001001001101110110111100011101110010011001100
0011001000010011100110010011010000000001100000000111111110100011100100
1101001101010010101011100001101010010001011000001101111011111111011110
1100100111110100100001000100100110111111010110000101010001110000100101
1001110001101011010100001010111100010010000111100111110101001110000101
0000010010000011001000100100101001000100000010000000111000000101101100
1010001110000000110011110000110000110101001100010101101101010111001000
1000010110110001010100011111011000011111111011010011110010010110101111
1001110000011011100110100101101110011100010101110010001011001010101010
0110111111110010100001010110110011101000101100100110110000011110001111
0000001001011011110110001100010000000000100100100001001001101101000111
0000001111010011001000011000011000011110110010101001100111010101011111
0100101110100110000111000010001000110011100010000101100111001111010001
1010000101001010110111001001001001011100100101100011001100110000000000
1110001000110010110000011101110011100111010011101111011110110101010000
0100001101011111100111001000111010100100100101001100111111011101011001
1000000100001110100111001011110010111010010111110111010111000111100111
1000111100001010010111001100100011010100000100010000101110101011001111
1010111000010100101010111001100001010000111010110001001100101001010011
0000111110010101111001100000101111101001011111000110111101110110111110
0111110000001100111101011000110010010101100000100111111100111000010100
0101000101011010100100010001101000000001100010001000010111000001101000
1001101111000010100001001101011100101110100011101110101111010111100101
0011011111001100011111001110100011010101101100111001101101011110101101
1110010000101100000001000100110000111100100100011011010010001110101101
1101100010011001010101000100011110110101010110000101101010101101000101
0110001100111001011100000001110000000111000011000110101110111001100110
1001001010101001001010010000000010011000001111000101011010001011000111
0111001100000101111110111101001001011100110100111011001110100101100111
1011110000100111100101100100111000110100110101010101101110101000111000
1101000101101011000011111101100111110101010011101110100101011001100111
0010011111111000000011110111101011001010110110110011000001001101100110
1011000000111001010110111110101000011100111001001000001010010111101110
1100110100100100010111110011010100111011110110111110010001101100010111
1111010101101011010101100101000011111111111110010111000011011111100101
1100101110111011000001110000110011011110001101111110010101011001110110
0101101101001110111000011101010111001100101110000001101110101000011101
0011011111111001100100111000000100110011110000110110001001000001111011
0011011100010100010111011001101010111000110110010001010110001010000001
0011010001100001111100010100011101001011010011111011101111010100011110
0010000101011000100000010111101111011100100111100100111100001000101111
0101010111000010001111110101111001000110100111001000010100010001100001
1110000011010000010011110011000111011111001100111101110110100010101111
0110000100100100111110101010110000000100101111010111110110100111010001
1011101101010111111000010000000011011001110000000010001011101000100111
1000010100111110000011010011111010001010101011000010010001101101000010
1100010011001011011111111110101110000110110111111101111111001101010001
1011110111101111000100010000111110000111100000011101111010101101011001
1110101111001110101010001100101111001111000111101101001101110111110110
